5924
5925
5927
5928
5935
5936
5937
5938
5939
5940
5941
5942
5943
5944
5945
5947
5948
5949
5950
5953
5954
5955
5956
5957
5958
5959
5960
5961
5962
5963
5964
5965
5966
5967
5968
5969
5970
5972
5973
5974
5976
5977
5978
5979
5980
5982
5985
5986
5987
5988
5989
5990
5991
5992
5993
5995
6000
6001
6002
6003
6004
6005
6007
6010
6012
6014
6015
6016
6017
6020
6023
6024
6026
6027
6028
6029
6030
6031
6032
6033
6034
6035
6036
6037
6038
6039
6040
6041
6042
6043
6045
6051
6053
6054
6057
6058
6059
6060
6061
6063
6068
6069
6070
6072
6073
6074
6075
6076
6077
6078
6079
6082
6083
6085
6086
6087
6090
6094
6096
6097
6102
6104
6106
6109
6167
6168
6170
6174
6175
6176
6177
6178
6180
6187
6188
6189
6192
6194
6197
6198
6199